,IDs,Times training the last 6 weeks,Followers,Following
0,1646454,6,1449,93
1,4106343,20,631,88
2,2647704,0,240,72
3,6478752,23,2069,47
4,777443,9,836,298
5,49435,0,402,38
6,512006,11,1373,108
7,12391650,18,208,160
8,521455,15,163,70
9,442229,6,662,206
10,3725855,8,1101,20
11,3264865,0,1417,142
12,6049681,18,4761,58
13,2683308,5,319,87
14,3943346,10,967,57
15,404453,3,550,267
16,580379,1,256,190
17,2392384,5,408,116
18,30850647,7,141,3
19,5678008,17,101,12
20,3647498,15,519,209
21,19005138,20,382,309
22,4328340,15,3794,362
23,40301325,11,78,51
24,19598841,16,104,75
25,12274527,11,9339,51
26,6390713,9,368,35
27,577221,8,4180,192
28,7911,0,536,70
29,367986,0,289,21
30,5995129,20,6953,2000
31,9855605,0,596,1
32,3488983,17,2460,255
33,780854,0,3447,34
34,9583401,11,1905,383
35,437111,5,5405,73
36,703497,6,953,369
37,153405,8,440,80
38,1815358,0,357,28
39,75059,16,1632,763
40,11547310,20,1204,121
41,21279725,21,3385,102
42,607930,5,6421,159
43,4341119,0,202,105
44,3531948,0,374,50
45,4601735,0,311,9
46,12542977,22,16802,8
47,6577144,0,293,97
48,4367,0,3158,145
49,2346552,22,1112,96
50,12463091,0,338,151
51,13008634,0,415,10
52,5181895,22,9743,148
53,19446526,0,884,35
54,10981713,23,853,57
55,3184585,17,554,235
56,119430,22,852,80
57,153266,5,5975,65
58,814043,11,833,661
59,1190875,0,192,78
60,1116542,1,530,86
61,1424847,0,316,38
62,2276607,7,2131,70
63,119084,13,309,168
64,1693393,1,2557,48
65,1058766,19,1488,49
66,6672449,13,3529,2080
67,4125056,15,616,66
68,46346,9,272,77
69,175729,16,2897,197
70,2192184,20,2079,83
71,28635374,0,4220,34
72,2838132,20,4090,101
73,733569,23,4204,47
74,8169908,20,1191,35
75,0,0,590,0
76,463703,0,59,26
77,374972,0,778,214
78,353839,21,4060,47
79,1352081,18,666,187
80,5696180,0,567,47
81,3274076,13,3066,131
82,2092693,10,720,79
83,307920,6,2423,614
84,3581417,23,2489,137
85,14523979,21,795,92
86,7059429,22,874,205
87,13351004,0,4643,494
88,11372910,0,1276,69
89,1752526,19,1316,293
90,751177,23,515,59
91,23726463,21,1514,172
92,12894945,0,59,2
93,111848,8,706,182
94,10403487,18,1939,61
95,1450761,3,1871,188
96,125384,14,2780,1131
97,3538608,17,884,50
98,3943249,4,7519,50
99,18888902,3,1731,28
100,6163411,1,12588,87
101,6766614,22,844,39
102,5542262,20,1090,109
103,1423405,0,2243,28
104,58172312,2,54,15
105,1630132,15,156754,162
106,722861,17,72595,390
107,14152612,19,279,111
108,8015692,1,989,150
109,5357983,7,503,140
110,831403,17,1624,235
111,13187895,1,438,167
112,7506715,22,15794,8
113,1185614,21,3522,496
114,622396,15,792,112
115,38306342,5,948,11
116,3018523,0,4076,27
117,1739915,2,8387,55
118,1029360,15,429,382
119,2217800,0,1671,66
120,5283242,3,1095,204
121,855359,14,637,150
122,24634813,8,372,44
123,53080157,21,633,60
124,3123584,0,334,51
125,253307,12,394,61
126,194967,10,356,17
127,669526,0,2177,90
128,680794,22,224,81
129,1205126,4,25,17
130,2712905,18,1166,106
131,180306,0,618,34
132,2860387,23,458,86
133,4050731,20,513,299
134,1450653,11,1229,48
135,721704,0,290,28
136,370256,5,496,135
137,2508843,18,4014,50
138,1176964,23,500,151
139,880187,2,12877,66
140,1128302,9,21736,139
141,16845839,18,1023,294
142,6068080,0,1202,13
143,2119306,20,93010,87
144,1903938,16,6591,127
145,20732635,20,1070,30
146,9588583,23,1603,159
147,186270,4,918,189
148,2168270,6,3023,100
149,16874183,0,2969,10
150,5250418,18,344,153
151,356100,17,345,135
152,13674,0,349,79
153,796670,7,150,83
154,1554175,13,5504,122
155,518177,4,2852,29
156,3211284,23,3452,229
157,2916501,18,1124,156
158,2921196,23,759,211
159,18324312,23,3021,276
160,1920469,18,4032,201
161,1899939,0,1330,104
162,280069,0,376,144
163,9045255,5,395,85
164,10916298,20,260,147
165,77012,19,9839,286
166,5255567,21,11482,186
167,1962573,3,2470,100
168,9474525,5,1947,110
169,8692276,21,587,81
170,7163184,19,427,70
171,403508,21,1324,45
172,4333333,23,15180,165
173,1636003,15,5853,69
174,4276305,21,690,57
175,1967043,13,1673,216
176,55294538,16,136,24
177,199550,16,329,187
178,588876,22,4724,137
179,2261653,21,4246,51
180,1277361,0,808,415
181,434588,9,613,225
182,3689012,20,2501,80
183,4018952,16,2119,95
184,5020615,23,9168,250
185,6998219,0,89,0
186,4415986,14,620,59
187,26475512,0,2292,593
188,408163,0,26388,137
189,19959682,23,1478,67
190,116360,13,667,83
191,534744,12,316,90
192,262535,19,17361,74
193,11173354,12,671,53
194,104028,18,1541,110
195,14201933,2,1522,20
196,7331365,18,4864,48
197,48143759,19,56,14
198,1993533,22,4416,105
199,1596921,21,7793,350
200,2439361,20,516,304
201,566272,7,686,114
202,174554,17,588,144
203,8185401,22,504,44
204,12649,17,1859,346
205,4947657,2,4120,318
206,904463,23,1154,153
207,3213884,17,925,177
208,1185893,0,341,14
209,109652,6,1276,137
210,1676111,2,3978,51
211,24873491,17,314,66
212,2371741,21,3739,27
213,1170160,0,426,66
214,4488376,17,14034,98
215,983595,0,107,31
216,12369637,18,347,8
217,23292014,23,515,116
218,10107550,16,171,71
219,1659405,18,224,307
220,269159,0,276,10
221,180302,2,513,27
222,7177418,16,411,74
223,4208437,16,3053,71
224,3331857,22,546,150
225,2032644,11,2256,265
226,2055620,0,238,142
227,1084629,19,2064,47
228,358505,14,3145,30
229,16199194,20,90,83
230,1440561,19,609,230
231,3393851,10,1642,67
232,259470,17,14143,78
233,5734554,7,435,4
234,2988750,21,512,119
235,3455869,21,4400,119
236,7519999,10,1065,164
237,160423,14,744,213
238,621446,4,597,122
239,263407,0,655,7
240,1352209,15,514,153
241,15666824,19,395,101
242,40799987,16,195,43
243,11590312,22,794,173
244,11268090,19,269,81
245,2685219,17,21112,35
246,994476,0,3147,71
247,268080,18,9373,89
248,1338681,19,450,306
249,4520390,0,1348,731
250,12274525,16,536,75
251,1803986,0,38085,1
252,6182131,22,626,225
253,7759903,17,422,230
254,292369,0,842,90
255,2542098,7,3863,34
256,2485651,21,1002,416
257,5198371,18,707,182
258,26218743,15,394,50
259,1805247,21,22149,92
260,3966534,18,1284,21
261,1771467,13,881,52
262,1595767,22,47955,117
263,10941882,19,793,31
264,7296868,9,20206,119
265,8619413,4,207,66
266,391026,0,5253,427
267,7664988,17,4948,31
268,11328746,0,9368,7
269,2613903,21,1332,152
270,10030894,14,2090,6
271,5800810,21,144,139
272,1044522,16,203,113
273,502294,23,315,137
274,3621170,20,454,123
275,4084289,21,20655,76
276,1993938,6,1823,196
277,3983729,4,559,62
278,3490359,22,672,71
279,2203430,20,7078,190
280,247602,18,1006,96
281,323461,0,1286,84
282,17418861,18,666,98
283,17896084,18,2716,36
284,1215177,21,998,102
285,25360948,19,703,186
286,605881,3,501,7
287,365214,19,638,149
288,3894557,14,16866,73
289,1641377,0,934,86
290,5885524,18,4396,54
291,2136208,15,3255,98
292,3537233,5,171,31
293,1634025,9,1973,36
294,2673148,3,880,55
295,23390529,10,237,53
296,1837113,19,5502,94
297,2802602,18,4019,94
298,7842901,21,652,283
299,3576629,19,832,323
300,7926,13,444,137
301,1685461,18,8495,1
302,29028250,19,11580,6
303,20904837,3,3108,24
304,1803841,19,9402,75
305,433483,0,1586,31
306,4980290,18,2603,166
307,127134,19,1024,381
308,2332012,20,2733,273
309,16587179,0,1122,155
310,22661048,0,68,63
311,1401687,17,169,103
312,4211995,0,1046,0
313,174377,12,680,97
314,19390398,0,257,39
315,385236,19,27,7
316,2756482,19,944,46
317,39645987,23,111,68
318,1585913,15,495,162
319,682592,18,528,184
320,3422120,0,429,87
321,2795232,19,6191,895
322,1745119,0,3057,32
323,2195078,13,917,105
324,2355427,19,981,444
325,8442261,7,338,54
326,7604023,17,508,165
327,30774960,9,2244,33
328,1833090,18,1242,27
329,4179022,0,358,35
330,6408626,22,2059,52
331,3896468,19,1743,107
332,7029099,14,4671,71
333,12725597,23,2987,82
334,6916597,17,2611,501
335,1690724,18,837,33
336,1766105,6,220,86
337,1292406,14,12104,230
338,65548,0,2292,145
339,510477,10,19733,43
340,1789488,12,3057,158
341,9776534,21,1343,244
342,3382044,0,976,92
343,259263,17,22610,147
344,252591,8,666,113
345,2195719,6,1525,0
346,6075,5,1817,59
347,10801400,17,926,36
348,2566534,15,406,108
349,9206937,0,3723,57
350,9651351,14,209,98
351,18780,17,489,180
352,3725963,0,853,63
353,602548,10,1061,95
354,693488,23,816,478
355,14882856,20,6345,142
356,134944,20,890,88
357,328796,15,1021,422
358,12019441,21,2094,150
359,1381523,3,2101,128
360,7827514,8,240,126
361,909835,23,1437,152
362,11970660,1,230,108
363,229617,17,251,153
364,591482,17,843,409
365,1785446,21,1498,47
366,14169827,19,2037,482
367,7173167,18,4877,391
368,1872175,16,2095,211
369,175644,0,413,106
370,3550300,20,668,140
371,337980,3,521,45
372,568077,0,2057,137
373,1768350,24,4422,2164
374,204658,16,334,266
375,24439684,10,623,155
376,636992,23,545,127
377,146497,18,5338,60
378,3283509,0,498,39
379,666711,13,2843,26
380,289544,4,2571,83
381,808429,11,2753,70
382,205996,12,596,270
383,2956675,14,548,107
384,1855274,15,70287,25
385,5052874,2,1042,98
386,19021,17,928,61
387,1644858,17,2181,158
388,2327652,0,7810,26
389,2014488,1,6273,34
390,10036272,23,949,552
391,428395,3,2751,115
392,9545283,17,7241,6
393,3664016,5,659,226
394,5501879,20,551,189
395,4049155,0,9051,168
396,8064750,9,346,146
397,1316021,17,375,74
398,1129713,10,1558,196
399,402858,0,959,108
400,538528,12,3631,159
401,1591473,13,451,145
402,994016,17,773,79
403,19308295,18,201,108
404,10781349,12,956,135
405,1763504,19,1551,251
406,9422127,21,325,130
407,1023781,20,905,133
408,1154552,16,7816,146
409,2916067,21,6635,126
410,4587013,19,3094,63
411,2296316,1,728,136
412,2004239,18,1643,135
413,12853663,17,1771,76
414,1547189,17,605,194
415,2445348,14,670,138
416,1737657,14,33408,92
417,1050589,17,593,208
418,1073667,0,138,68
419,440827,14,141,80
420,1931694,6,1548,283
421,3423315,7,3055,79
422,2640526,10,935,135
423,211413,0,508,0
424,590648,17,249,39
425,588273,19,194,83
426,4883986,6,173,210
427,3949717,17,3197,75
428,21507495,23,622,218
429,7830934,8,555,241
430,36603030,8,1320,13
431,3470393,5,463,32
432,403554,14,431,113
433,9893449,15,39789,108
434,7641477,8,543,396
435,3407398,18,1249,166
436,3366198,16,2582,489
437,2403364,18,103,50
438,1675871,17,458,125
439,12427912,17,8253,61
440,12234,17,571,260
441,3310687,20,1058,103
442,17175025,13,252,187
443,3167729,21,4048,71
444,8290776,0,45,15
445,33496976,0,148,0
446,7941156,0,383,27
447,19966183,18,998,137
448,12508208,16,261,79
449,276702,21,19739,63
450,1284150,21,676,93
451,8819545,2,589,129
452,4420357,22,443,98
453,4537138,2,610,54
454,197768,16,3079,138
455,505408,11,44131,84
456,190450,18,755,85
457,7542,9,1942,31
458,53624,8,407,190
459,1786916,0,1339,13
460,286373,0,863,97
461,118366,0,193,52
462,3114986,0,2919,82
463,3378627,23,1108,258
464,1496487,15,1073,171
465,1709131,16,4305,103
466,3489981,8,1637,57
467,2191893,19,1576,130
468,290941,16,511,28
469,8423781,14,3393,55
470,602594,23,216,52
471,1005431,14,504,131
472,7861437,2,165,32
473,299812,8,157,25
474,1015976,11,764,345
475,3496685,14,1282,171
476,8712826,22,451,237
477,220010,18,374,27
478,216215,0,346,20
479,1621202,9,2943,85
480,153628,13,1051,230
481,1915664,17,2039,44
482,3745308,20,1272,117
483,1563189,14,2286,231
484,11678773,21,2555,9
485,47326207,4,373,33
486,601836,18,2531,152
487,142174,19,3100,24
488,6140171,21,342,315
489,1387645,0,5631,129
490,2613513,4,792,62
491,1861424,3,637,73
492,5196764,0,190,95
493,186606,13,1531,38
494,4838660,20,2055,302
495,2809783,19,678,61
496,893403,0,468,37
497,26891889,11,6009,85
498,225425,14,4003,92
499,180301,16,8387,112
500,669507,18,737,112
501,255147,21,634,348
502,729308,16,280,115
503,21378496,17,188,99
504,1038655,10,1308,180
505,50693,18,857,216
506,7780234,19,13306,90
507,1630827,10,328,139
508,9393290,13,731,440
509,281953,23,557,266
510,13176333,0,141,64
511,880909,23,634,180
512,12615695,22,252,8
513,4106785,0,190,6
514,7208211,0,6570,1
515,5526389,17,1054,90
516,1758856,18,3130,105
517,3340479,4,4667,140
518,402439,14,511,97
519,15610991,22,229,32
520,279500,23,2767,137
521,4716562,11,137,51
522,8527415,21,2640,518
523,119832,20,1690,172
524,22433281,23,4527,137
525,321346,17,737,94
526,1083906,19,1061,101
527,3395561,12,1723,37
528,1130255,12,467,138
529,41161380,23,725,44
530,5599966,6,206,84
531,1695462,3,279,61
532,2207736,15,336,189
533,9759708,0,107,38
534,2709284,16,260,76
535,563244,7,2287,85
536,16155364,14,1149,39
537,11391842,22,315,175
538,3841158,0,2512,138
539,19311323,22,257,146
540,30683682,1,282,64
541,4905731,1,4212,6
542,3243335,12,4192,14
543,1000882,1,1210,50
544,553380,0,1656,79
545,200147,21,324,70
546,3125765,19,1114,58
547,8133029,23,477,134
548,4851916,18,509,111
549,2490308,17,1363,249
550,21620962,16,403,70
551,27185541,0,362,4
552,1400765,18,1704,53
553,364482,13,2070,84
554,3507951,21,583,187
555,1841156,20,4358,283
556,1741458,1,1246,47
557,683033,0,682,4
558,3415999,5,550,290
559,16212440,23,175,68
560,13568823,0,352,25
561,2360736,18,4501,250
562,263443,8,731,226
563,723518,17,1503,306
564,4276994,23,144,56
565,3455800,0,21971,9
566,21198621,17,633,59
567,7491815,5,215204,47
568,270912,13,1480,77
569,1711357,13,736,32
570,9472341,22,548,59
571,42057509,19,1872,60
572,2194005,0,563,23
573,8644778,18,2187,264
574,2271600,1,957,117
575,6188,15,47701,618
576,16362182,21,5394,117
577,11983582,20,350,77
578,260628,4,10010,23
579,2406083,21,310,86
580,19953932,20,326,156
581,2937395,14,1274,202
582,4592180,21,2826,158
583,115083,0,217,1
584,22512043,8,187,72
585,16182341,2,141,17
586,612282,20,5400,205
587,5052895,4,1658,81
588,1886659,20,482,78
589,184950,3,7089,221
590,2806297,13,386,9
591,4774417,13,10705,59
592,381795,0,1249,162
593,24644516,0,4377,0
594,337576,13,211,81
595,2354874,2,3971,23
596,2918560,7,529,102
597,13598491,14,350,74
598,10232221,2,219,106
599,20563926,1,46,3
600,378624,5,272,52
601,4910484,1,3189,60
602,1657853,19,7786,97
603,2159156,17,3024,65
604,1162039,3,519,191
605,10809463,1,147,38
606,432354,10,232,84
607,49803746,1,84,32
608,9224252,20,1248,128
609,13872795,9,17800,44
610,1216273,21,68556,254
611,6744457,18,1952,377
612,1358661,18,716,135
613,1141634,14,1035,509
614,4532614,19,849,319
615,2213214,24,919,271
616,1689651,0,1935,8
617,5329526,23,445,178
618,578640,11,428,153
619,6037156,13,1884,142
620,17111737,22,629,216
621,2920206,22,580,85
622,2957348,22,22108,55
623,1803232,0,66,20
624,188734,21,553,28
625,15210607,16,4919,226
626,1071647,13,726,37
627,6137589,8,5965,47
628,3376822,9,312,159
629,1809256,21,1638,75
630,1074765,15,714,307
631,16257252,0,397,79
632,11997777,19,195,64
633,6265105,20,421,145
634,2453180,23,2531,92
635,192085,17,961,50
636,1662769,15,814,209
637,5651685,12,128,106
638,1413161,0,246,0
639,4411135,14,746,223
640,371357,18,424,95
641,1843013,0,118,16
642,4468784,0,13145,26
643,9479785,0,1731,37
644,278502,0,1174,30
645,303084,19,669,298
646,6448444,0,886,39
647,547053,21,1475,71
648,5954157,13,899,356
649,974099,0,725,57
650,11435413,20,2383,134
651,630070,14,220,77
652,71957,18,873,262
653,9803888,17,1363,273
654,4498913,0,901,100
655,1124501,0,466,96
656,9068,21,523,288
657,1649830,21,510,198
658,231604,0,67,15
659,4347433,16,400,243
660,4056360,21,1135,64
661,3539975,3,996,246
662,2116733,14,3243,83
663,384548,21,77185,22
664,34895835,22,4274,11
665,1602857,0,1155,6
666,14451,14,289,160
667,15932405,21,376,63
668,1959152,12,812,116
669,16068533,23,3686,1
670,18663033,0,285,8
671,284774,20,1388,275
672,5127538,21,1487,93
673,1466519,13,2933,80
674,4551860,1,1268,34
675,10573633,21,1233,64
676,277969,0,3155,51
677,867729,20,1475,43
678,5474,0,7187,94
679,57225497,0,18327,4
680,2357529,17,805,57
681,1751647,17,1094,151
682,359688,17,1351,496
683,2289445,11,3032,148
684,1876677,20,1308,59
685,5543279,14,571,65
686,116788,0,903,27
687,4725228,0,140,19
688,1367309,23,1583,332
689,563273,19,2991,348
690,623032,12,604,64
691,149300,14,1974,267
692,335746,16,816,142
693,132899,23,252,111
694,183904,7,627,300
695,8412547,20,1518,76
696,8288236,0,918,64
697,12924172,0,1350,5
698,68120,10,259,171
699,1893314,5,311,64
700,335369,0,203,159
701,269660,21,10569,67
702,134614,18,5521,79
703,2041772,9,348,34
704,283726,3,9761,170
705,1416243,8,93,31
706,296844,22,287,99
707,7068194,22,2723,104
708,15656336,21,596,138
709,199092,21,1047,74
710,16061889,0,113,0
711,1316333,17,3589,163
712,14762808,15,2109,36
713,1937992,22,654,176
714,32132781,0,242,6
715,2754904,21,3088,61
716,1005040,0,706,1318
717,278195,0,975,145
718,1212323,6,975,161
719,4048714,0,554,35
720,1223199,5,270,94
721,1187926,12,1348,22
722,513412,15,1164,68
723,2560531,4,328,29
724,1760211,18,2764,147
725,10265,0,200,50
726,3052716,3,692,31
727,3930966,21,1431,249
728,2911188,23,2957,310
729,6281490,23,273,169
730,1845301,14,82,49
731,5574348,16,1046,121
732,4666728,24,295,84
733,10513261,8,533,175
734,9325571,13,273,12
735,2686441,18,506,115
736,189094,2,507,103
737,45051544,21,342,55
738,1045728,15,386,80
739,2905502,3,2062,165
740,1120791,19,1465,175
741,605510,23,174,13
742,2107988,21,1776,222
743,10400121,0,929,95
744,19837380,0,4022,0
745,207840,19,1052,201
746,16010204,19,8427,295
747,601041,4,1125,89
748,1260560,7,425,227
749,4681346,0,39,3
750,1754389,9,419,100
751,304929,10,1198,112
752,713550,10,530,43
753,26919111,0,642,85
754,1252953,21,1820,109
755,28950255,4,1324,91
756,2615414,0,312,51
757,1005867,9,549,153
758,17555014,15,128,13
759,11152709,17,5601,53
760,42139655,21,142,23
761,11486080,21,607,69
762,25809849,17,95,104
763,8471540,17,1609,296
764,3621657,19,5303,179
765,593390,0,1231,12
766,373174,0,7662,6
767,9644,0,642,179
768,17046618,0,694,279
769,1291943,10,531,24
770,135819,12,757,134
771,776985,11,395,230
772,670999,21,1137,107
773,13592,14,298,51
774,1760759,21,983,0
775,12486720,12,387,80
776,1194434,0,5429,77
777,40898227,2,41,34
778,806678,4,5354,40
779,8843343,18,2165,171
780,3585800,17,155,44
781,19150197,0,2034,1
782,26853748,19,322,64
783,998674,1,1021,39
784,6850122,21,356,142
785,6701875,8,320,71
786,306330,1,219,40
787,1088533,16,495,143
788,185890,13,393,210
789,41812275,8,146,83
790,340943,18,2789,25
791,2368262,5,781,143
792,279726,8,12,5
793,58171327,0,7,1
794,5139200,11,369,50
795,913823,0,519,0
796,180305,0,5024,69
797,45602268,1,369,93
798,288769,19,4111,48
799,173213,0,5857,64
800,5889,20,1086,264
801,43684184,22,49,20
802,6992780,15,2436,138
803,118945,9,461,85
804,222335,10,846,298
805,11673347,4,4655,51
806,323139,13,665,122
807,357054,19,1957,13
808,120454,3,1580,34
809,22241860,23,424,31
810,39780460,23,407,15
811,58120,0,386,189
812,807761,9,804,125
813,21659897,22,7881,71
814,2547704,0,680,26
815,2283295,18,635,81
816,6020142,17,756,130
817,3418802,7,611,301
818,338452,15,1538,347
819,781231,20,3703,39
820,4395,14,599,60
821,817333,21,8241,208
822,135919,22,1405,284
823,1714205,18,16149,31
824,7917995,18,1606,126
825,1361755,13,380,63
826,10563833,22,432,111
827,4957556,8,3824,67
828,21354533,4,62,6
829,4993592,17,650,75
830,59707591,0,16,0
831,3232281,24,3556,58
832,1406897,4,223,113
833,3435263,7,204,87
834,461374,23,767,196
835,261192,0,1054,89
836,4322914,15,296,67
837,1015750,10,1850,90
838,3402367,11,3592,18
839,3952107,4,3561,34
840,4203551,20,2812,46
841,105782,20,1131,189
842,12607349,16,106,27
843,2745282,1,817,190
844,13073542,20,749,349
845,4334886,14,3194,76
846,2026466,15,1406,53
847,6907454,19,499,166
848,8946757,22,1491,96
849,1755816,22,948,106
850,5952380,20,9127,106
851,6993,15,406,118
852,765292,9,26,16
853,6203,0,141,18
854,6222,9,14945,511
855,108291,22,294,159
856,2133557,17,155,108
857,146508,0,387,34
858,4034273,17,9244,411
859,6206971,9,336,60
860,5271873,18,489,174
861,20300885,0,256,92
862,557974,21,1025,142
863,5452411,0,137931,54
864,1710748,17,1500,45
865,117982,6,2209,31
866,12551938,8,789,59
867,49597893,18,3768,45
868,24606279,20,436,136
869,1615119,21,2247,61
870,9354487,11,70,36
871,40481594,0,143,0
872,2571457,10,489,260
873,65967,9,855,39
874,24362158,8,27,20
875,1278272,0,227,37
876,27117126,19,791,16
877,6033817,13,877,76
878,9984,11,1164,161
879,24954061,21,629,90
880,2799278,0,725,169
881,5589805,21,785,179
882,196550,0,3595,36
883,28308729,25,2677,15
884,2835838,23,17297,42
885,1653144,28,547,145
886,4894864,6,3755,168
887,479385,0,27760,47
888,28378612,17,165,46
889,48365721,14,788,1
890,5309477,0,292,68
891,16389235,16,4979,41
892,21346749,12,737,17
893,1693533,2,1053,93
894,1466247,9,338,96
895,543083,0,761,169
896,13249,14,1472,164
897,2203032,21,1204,197
898,8075081,18,1743,41
899,3984805,14,284,77
900,22718385,23,5130,52
901,1004493,0,4849,16
902,6136,15,640,201
903,11620352,16,1827,339
904,386817,20,2812,285
905,8758,19,41584,472
906,50757,23,27426,111
907,143757,12,649,262
908,20067483,23,933,181
909,1799671,23,9404,37
910,16529284,13,671,101
911,2590526,20,1703,58
912,13057363,20,330,165
913,336018,11,388,94
914,33639192,0,437,3
915,540571,13,1751,123
916,791428,0,309,84
917,6913247,0,347,114
918,22377272,19,1250,18
919,2871115,8,67,28
920,2355371,16,326,57
921,2455522,0,12264,43
922,4965467,11,965,36
923,17096781,19,677,68
924,17516600,12,332,43
925,2260636,20,4331,270
926,4067146,14,841,62
927,2598348,17,1064,1899
928,1825457,6,758,44
929,6588412,23,406,135
930,5299946,3,156,19
931,6600239,13,2089,80
932,16572603,10,11752,93
933,19248089,23,2383,439
934,2985817,19,299,154
935,4571461,9,5416,21
936,586190,20,1836,118
937,2858063,20,2511,68
938,8004531,12,5006,91
939,1023571,14,293,86
940,16102568,19,9533,173
941,3528986,0,88,59
942,3382615,6,106,135
943,8483601,19,1818,0
944,11320334,20,550,93
945,1758012,23,430,73
946,4658463,11,12020,833
947,1097683,12,380,105
948,6379583,18,798,43
949,1562663,22,3398,32
950,9232885,17,31972,0
951,3056059,18,56232,51
952,11760794,0,1631,40
953,8482648,23,20651,134
954,4215024,0,1423,85
955,133606,3,9361,125
956,254096,20,8099,270
957,1905161,23,146394,58
958,18143228,17,741,83
959,2642132,17,562,189
960,8672476,11,585,65
961,1093059,8,396,88
962,2111315,16,782,44
963,9736,0,283,137
964,2054448,20,1511,134
965,7348371,19,1156,69
966,28941170,15,104,43
967,240504,22,3215,93
968,2217157,23,201,36
969,1443957,22,16194,21
970,9087229,8,1617,75
971,12376839,6,603,130
972,11477652,19,280,121
973,1706993,0,988,24
974,222024,0,2974,165
975,4928927,1,4633,57
976,11654626,0,14025,32
977,1454785,2,275,60
978,52724419,0,2,0
979,3906165,5,7853,195
980,742103,6,658,154
981,3834960,5,1520,38
982,13153055,12,206,114
983,5438586,6,796,66
984,7347052,14,8263,67
985,135636,22,774,157
986,7798196,18,191,47
987,47597,20,3084,58
988,7026027,18,761,257
989,6107295,4,511,34
990,6434138,20,304,22
991,1836077,16,3076,44
992,3175306,8,335,47
993,1840470,21,665,238
994,1923830,22,997,411
995,22358802,2,295,115
996,640725,15,491,101
997,20851684,15,1389,82
998,5005311,20,1088,414
999,1634771,18,349,162
1000,5559845,0,145,22
1001,1880115,17,2838,64
1002,1150402,12,2962,318
1003,10492695,12,1003,22
1004,52664993,7,54,25
1005,3281320,18,475,104
1006,2532470,23,2213,143
1007,26743149,0,704,27
1008,10304,17,7788,205
1009,663411,17,803,220
1010,1707436,8,750,96
1011,9518350,14,318,250
1012,3002166,26,9900,171
1013,10163092,15,876,79
1014,1751751,16,2202,204
1015,2925604,3,2985,35
1016,2004431,19,906,252
1017,2260947,0,222,59
1018,7038403,0,1531,65
1019,31853462,17,6155,30
1020,9351341,22,2788,325
1021,14849693,22,1342,53
1022,2076635,18,2465,36
1023,4773441,23,1266,108
1024,1614461,23,1042,257
1025,13233180,19,1201,55
1026,39475524,22,42,13
1027,1495923,10,2437,30
1028,7818169,23,148,117
1029,1189566,14,5457,93
1030,9980001,22,303,47
1031,2425035,16,273,99
1032,14971363,15,192,112
1033,72723,16,4733,141
1034,5780103,21,555,4
1035,2971302,11,23620,116
1036,8090031,22,1808,90
1037,1720003,16,824,167
1038,1975812,8,5978,57
1039,11183234,0,844,260
1040,6860614,18,900,285
1041,1338165,15,747,184
1042,988846,18,444,240
1043,439420,19,3405,175
1044,151502,16,549,258
1045,773089,5,1628,104
1046,2420222,20,6393,144
1047,796001,19,717,213
1048,409358,0,323,70
1049,787499,0,1209,189
1050,6724983,14,444,191
1051,19220743,0,5176,16
1052,130052,0,98,23
1053,669507,18,737,112
1054,255147,21,634,348
1055,729308,16,280,115
1056,21378496,18,188,99
1057,1038655,10,1308,180
1058,50693,18,857,216
1059,7780234,18,13306,90
1060,1630827,10,328,139
1061,9393290,13,731,440
1062,281953,23,557,266
1063,13176333,0,141,64
1064,880909,23,634,180
1065,12615695,22,252,8
1066,4106785,0,190,6
1067,7208211,0,6570,1
1068,5526389,17,1054,90
1069,1758856,18,3130,105
1070,3340479,4,4668,140
1071,402439,14,511,97
1072,15610991,22,229,32
1073,279500,23,2768,137
1074,4716562,11,137,51
1075,8527415,22,2640,518
1076,119832,19,1690,172
1077,22433281,22,4527,137
1078,321346,17,737,94
1079,1083906,19,1061,101
1080,3395561,19,1723,37
1081,1130255,12,467,138
1082,41161380,23,725,44
1083,5599966,6,206,84
1084,1695462,3,279,61
1085,2207736,15,336,189
1086,9759708,0,107,38
1087,2709284,16,260,76
1088,563244,7,2287,85
1089,16155364,13,1149,39
1090,11391842,23,315,175
1091,3841158,0,2512,138
1092,19311323,22,257,146
1093,30683682,1,282,64
1094,4905731,1,4212,6
1095,3243335,12,4192,14
1096,1000882,1,1210,50
1097,553380,0,1656,79
1098,200147,21,324,70
1099,3125765,19,1114,58
1100,8133029,23,477,134
1101,4851916,17,509,111
1102,2490308,17,1363,249
1103,21620962,16,403,70
1104,27185541,0,362,4
1105,1400765,18,1704,53
1106,364482,13,2070,84
1107,3507951,22,583,187
1108,1841156,20,4358,283
1109,1741458,1,1246,47
1110,683033,0,682,4
1111,3415999,5,550,290
1112,16212440,23,175,68
1113,13568823,0,352,25
1114,2360736,18,4501,250
1115,263443,8,731,226
1116,723518,17,1503,306
1117,4276994,23,144,56
1118,3455800,0,21971,9
1119,21198621,17,633,59
1120,7491815,5,215206,47
1121,270912,13,1480,77
1122,1711357,14,736,32
1123,9472341,22,548,59
1124,42057509,19,1872,60
1125,2194005,0,563,23
1126,8644778,18,2187,264
1127,2271600,1,957,117
1128,6188,15,47701,618
1129,16362182,21,5394,117
1130,11983582,20,351,77
1131,260628,4,10010,23
1132,2406083,21,310,86
1133,19953932,20,326,156
1134,2937395,14,1274,202
1135,4592180,21,2825,158
1136,115083,0,217,1
1137,22512043,8,187,72
1138,16182341,0,141,17
1139,612282,20,5400,205
1140,5052895,4,1658,81
1141,1886659,20,482,78
1142,184950,3,7089,221
1143,2806297,13,386,9
1144,4774417,13,10705,59
1145,381795,0,1249,162
1146,24644516,0,4377,0
1147,337576,13,211,81
1148,2354874,2,3971,23
1149,2918560,7,529,102
1150,13598491,14,350,74
1151,10232221,2,219,106
1152,20563926,1,46,3
1153,378624,5,272,52
1154,4910484,1,3189,60
1155,1657853,19,7786,97
1156,2159156,17,3024,65
1157,1162039,3,519,191
1158,10809463,1,147,38
1159,432354,10,232,84
1160,49803746,1,84,32
1161,9224252,20,1248,128
1162,13872795,9,17800,44
1163,1216273,21,68558,254
1164,6744457,18,1952,377
1165,1358661,18,716,135
1166,1141634,14,1035,509
1167,4532614,19,849,319
1168,2213214,24,921,271
1169,1689651,0,1935,8
1170,5329526,23,445,178
1171,578640,11,428,153
1172,6037156,13,1884,142
1173,17111737,22,629,216
1174,2920206,22,580,85
1175,2957348,22,22109,55
1176,1803232,0,66,20
1177,188734,21,553,28
1178,15210607,16,4919,226
1179,1071647,13,726,37
1180,6137589,8,5965,47
1181,3376822,9,312,159
1182,1809256,21,1638,75
1183,1074765,15,714,307
1184,16257252,0,397,79
1185,11997777,19,195,64
1186,6265105,20,421,145
1187,2453180,23,2531,92
1188,192085,17,961,50
1189,1662769,15,814,209
1190,5651685,12,128,106
1191,1413161,0,246,0
1192,4411135,14,746,223
1193,371357,18,424,95
1194,1843013,0,118,16
1195,4468784,0,13145,26
1196,9479785,0,1731,37
1197,278502,0,1174,30
1198,303084,19,669,298
1199,6448444,0,886,39
1200,547053,21,1475,71
1201,5954157,13,899,356
1202,974099,0,725,57
1203,11435413,20,2383,134
1204,630070,14,220,77
1205,71957,18,873,262
1206,9803888,17,1363,273
1207,4498913,0,901,100
1208,1124501,0,466,96
1209,9068,21,523,288
1210,1649830,21,510,198
1211,231604,0,67,15
1212,4347433,16,400,243
1213,4056360,21,1135,64
1214,3539975,3,996,246
1215,2116733,14,3243,83
1216,384548,21,77186,22
1217,34895835,22,4274,11
1218,1602857,0,1155,6
1219,14451,14,289,160
1220,15932405,21,376,63
1221,1959152,12,812,116
1222,16068533,23,3686,1
1223,18663033,0,285,8
1224,284774,20,1388,275
1225,5127538,21,1487,93
1226,1466519,14,2933,80
1227,4551860,1,1268,34
1228,10573633,21,1233,64
1229,277969,0,3155,51
1230,867729,20,1475,43
1231,5474,0,7187,94
1232,57225497,0,18327,4
1233,2357529,17,805,57
1234,1751647,17,1094,151
1235,359688,18,1351,496
1236,2289445,11,3032,148
1237,1876677,20,1308,59
1238,5543279,14,571,65
1239,116788,0,903,27
1240,4725228,0,140,19
1241,1367309,23,1583,332
1242,563273,18,2991,348
1243,623032,12,604,64
1244,149300,14,1974,267
1245,335746,16,816,142
1246,132899,23,252,111
1247,183904,7,627,300
1248,8412547,20,1518,76
1249,8288236,0,918,64
1250,12924172,0,1350,5
1251,68120,10,259,171
1252,1893314,5,311,64
1253,335369,0,203,159
1254,269660,21,10569,67
1255,134614,18,5521,79
1256,2041772,9,348,34
1257,283726,3,9761,170
1258,1416243,8,93,31
1259,296844,22,287,99
1260,7068194,22,2723,104
1261,15656336,21,596,138
1262,199092,21,1047,74
1263,16061889,0,113,0
1264,1316333,17,3589,163
1265,14762808,15,2109,36
1266,1937992,22,654,176
1267,32132781,0,242,6
1268,2754904,21,3088,61
1269,1005040,0,706,1318
1270,278195,0,975,145
1271,1212323,6,975,161
1272,4048714,0,554,35
1273,1223199,5,270,94
1274,1187926,12,1348,22
1275,513412,15,1164,68
1276,2560531,4,328,29
1277,1760211,18,2764,147
1278,10265,0,200,50
1279,3052716,3,692,31
1280,3930966,19,1431,249
1281,2911188,23,2957,310
1282,6281490,23,273,169
1283,1845301,14,82,49
1284,5574348,16,1046,121
1285,4666728,24,295,84
1286,10513261,8,533,175
1287,9325571,13,273,12
1288,2686441,18,506,115
1289,189094,2,507,103
1290,45051544,21,342,55
1291,1045728,15,386,80
1292,2905502,3,2063,165
1293,1120791,19,1465,175
1294,605510,23,174,13
1295,2107988,21,1776,222
1296,10400121,0,929,95
1297,19837380,0,4021,0
1298,207840,19,1052,201
1299,16010204,19,8427,295
1300,601041,4,1125,89
1301,1260560,7,425,227
1302,4681346,0,39,3
1303,1754389,9,419,100
1304,304929,10,1198,112
1305,713550,10,530,43
1306,26919111,0,642,85
1307,1252953,21,1820,109
1308,28950255,4,1324,91
1309,2615414,0,312,51
1310,1005867,9,549,153
1311,17555014,15,128,13
1312,11152709,17,5601,53
1313,42139655,21,142,23
1314,11486080,21,607,69
1315,25809849,17,95,104
1316,8471540,17,1609,296
1317,3621657,19,5303,179
1318,593390,0,1231,12
1319,373174,0,7662,6
1320,9644,0,642,179
1321,17046618,0,694,279
1322,1291943,10,531,24
1323,135819,12,757,134
1324,776985,11,395,230
1325,670999,21,1137,107
1326,13592,14,298,51
1327,1760759,21,983,0
1328,12486720,12,387,80
1329,1194434,0,5429,77
1330,40898227,2,41,34
1331,806678,4,5354,40
1332,8843343,18,2165,171
1333,3585800,17,155,44
1334,19150197,0,2034,1
1335,26853748,19,322,64
1336,998674,1,1021,39
1337,6850122,21,356,142
1338,6701875,8,320,71
1339,306330,1,219,40
1340,1088533,16,495,143
1341,185890,13,393,210
1342,41812275,8,146,83
1343,340943,18,2789,25
1344,2368262,5,781,143
1345,279726,8,12,5
1346,58171327,0,7,1
1347,5139200,11,369,50
1348,913823,0,519,0
1349,180305,0,5024,69
1350,45602268,1,369,93
1351,288769,19,4111,48
1352,173213,0,5857,64
1353,5889,20,1086,264
1354,43684184,22,49,20
1355,6992780,15,2436,138
1356,118945,9,461,85
1357,222335,10,846,298
1358,11673347,4,4655,51
1359,323139,13,665,122
1360,357054,19,1957,13
1361,120454,3,1580,34
1362,22241860,23,424,31
1363,39780460,23,407,15
1364,58120,0,386,189
1365,807761,9,804,125
1366,21659897,22,7881,71
1367,2547704,0,680,26
1368,2283295,18,635,81
1369,6020142,17,756,130
1370,3418802,7,611,301
1371,338452,15,1538,347
1372,781231,20,3703,39
1373,4395,14,599,60
1374,817333,21,8240,208
1375,135919,22,1405,284
1376,1714205,19,16149,31
1377,7917995,17,1606,126
1378,1361755,13,380,63
1379,10563833,22,432,111
1380,4957556,8,3824,67
1381,21354533,4,62,6
1382,4993592,17,650,75
1383,59707591,0,16,0
1384,3232281,23,3556,58
1385,1406897,4,223,113
1386,3435263,7,204,87
1387,461374,23,767,196
1388,261192,0,1054,89
1389,4322914,15,296,67
1390,1015750,10,1850,90
1391,3402367,11,3592,18
1392,3952107,4,3561,34
1393,4203551,20,2812,46
1394,105782,20,1131,189
1395,12607349,16,106,27
1396,2745282,1,817,190
1397,13073542,20,749,349
1398,4334886,15,3194,76
1399,2026466,15,1406,53
1400,6907454,19,499,166
1401,8946757,22,1491,96
1402,1755816,22,948,106
1403,5952380,20,9128,106
1404,6993,15,406,118
1405,765292,9,26,16
1406,6203,0,141,18
1407,6222,9,14945,511
1408,108291,22,294,159
1409,2133557,17,155,108
1410,146508,0,387,34
1411,4034273,17,9244,411
1412,6206971,9,336,60
1413,5271873,18,489,174
1414,20300885,0,256,92
1415,557974,21,1025,142
1416,5452411,0,137932,54
1417,1710748,17,1500,45
1418,117982,6,2209,31
1419,12551938,8,789,59
1420,49597893,18,3769,45
1421,24606279,20,436,136
1422,1615119,21,2247,61
1423,9354487,11,70,36
1424,40481594,0,143,0
1425,2571457,10,489,260
1426,65967,9,855,39
1427,24362158,8,27,20
1428,1278272,0,227,37
1429,27117126,19,791,16
1430,6033817,13,877,76
1431,9984,11,1164,161
1432,24954061,21,630,90
1433,2799278,0,725,169
1434,5589805,21,785,179
1435,196550,0,3595,36
1436,28308729,25,2677,15
1437,2835838,23,17296,42
1438,1653144,21,547,145
1439,4894864,6,3755,168
1440,479385,0,27760,47
1441,28378612,17,165,46
1442,48365721,14,788,1
1443,5309477,0,292,68
1444,16389235,22,4979,41
1445,21346749,12,737,17
1446,1693533,2,1053,93
1447,1466247,9,338,96
1448,543083,0,761,169
1449,13249,14,1472,164
1450,2203032,21,1204,197
1451,8075081,18,1743,41
1452,3984805,14,284,77
1453,22718385,23,5130,52
1454,1004493,0,4849,16
1455,6136,15,640,201
1456,11620352,16,1827,339
1457,386817,20,2812,285
1458,8758,19,41584,472
1459,50757,23,27426,111
1460,143757,12,649,262
1461,20067483,23,933,181
1462,1799671,23,9404,37
1463,16529284,13,671,101
1464,2590526,20,1703,58
1465,13057363,20,330,165
1466,336018,11,388,94
1467,33639192,0,437,3
1468,540571,13,1751,123
1469,791428,0,309,84
1470,6913247,0,347,114
1471,22377272,19,1250,18
1472,2871115,8,67,28
1473,2355371,16,326,57
1474,2455522,0,12264,43
1475,4965467,11,965,36
1476,17096781,19,677,68
1477,17516600,12,332,43
1478,2260636,20,4331,270
1479,4067146,14,841,62
1480,2598348,17,1064,1899
1481,1825457,6,758,44
1482,6588412,23,406,135
1483,5299946,3,156,19
1484,6600239,13,2089,80
1485,16572603,10,11752,93
1486,19248089,28,2383,439
1487,2985817,19,299,154
1488,4571461,9,5416,21
1489,586190,20,1836,118
1490,2858063,20,2511,68
1491,8004531,12,5005,91
1492,1023571,14,293,86
1493,16102568,24,9533,173
1494,3528986,0,88,59
1495,3382615,6,106,135
1496,8483601,19,1818,0
1497,11320334,20,550,93
1498,1758012,23,430,73
1499,4658463,11,12020,833
1500,1097683,12,380,105
1501,6379583,18,798,43
1502,1562663,22,3398,32
1503,9232885,17,31973,0
1504,3056059,18,56232,51
1505,11760794,0,1631,40
1506,8482648,23,20652,134
1507,4215024,0,1423,85
1508,133606,3,9361,125
1509,254096,20,8098,270
1510,1905161,23,146394,58
1511,18143228,17,741,83
1512,2642132,17,562,189
1513,8672476,11,585,65
1514,1093059,8,396,88
1515,2111315,16,782,44
1516,9736,0,283,137
1517,2054448,20,1511,134
1518,7348371,19,1156,69
1519,28941170,15,104,43
1520,240504,22,3215,93
1521,2217157,23,201,36
1522,1443957,22,16194,21
1523,9087229,8,1617,75
1524,12376839,6,603,130
1525,11477652,19,280,121
1526,1706993,0,988,24
1527,222024,0,2974,165
1528,4928927,1,4633,57
1529,11654626,0,14025,32
1530,1454785,2,275,60
1531,52724419,0,2,0
1532,3906165,5,7853,195
1533,742103,6,658,154
1534,3834960,5,1520,38
1535,13153055,12,206,114
1536,5438586,6,796,66
1537,7347052,14,8263,67
1538,135636,22,774,157
1539,7798196,18,191,47
1540,47597,20,3084,58
1541,7026027,18,761,257
1542,6107295,4,511,34
1543,6434138,20,304,22
1544,1836077,16,3076,44
1545,3175306,8,335,47
1546,1840470,21,665,238
1547,1923830,22,997,411
1548,22358802,2,295,115
1549,640725,15,491,101
1550,20851684,15,1389,82
1551,5005311,20,1088,414
1552,1634771,18,349,162
1553,669507,18,737,112
1554,255147,21,634,348
1555,729308,16,280,115
1556,21378496,18,188,99
1557,1038655,10,1308,180
1558,50693,18,857,216
1559,7780234,19,13306,90
1560,1630827,10,328,139
1561,9393290,13,731,440
1562,281953,23,557,266
1563,13176333,0,141,64
1564,880909,23,634,180
1565,12615695,22,252,8
1566,4106785,0,190,6
1567,7208211,0,6570,1
1568,5526389,17,1054,90
1569,1758856,18,3130,105
1570,3340479,4,4668,140
1571,402439,14,511,97
1572,15610991,22,229,32
1573,279500,23,2768,137
1574,4716562,11,137,51
1575,8527415,22,2641,518
1576,119832,20,1690,172
1577,22433281,23,4527,137
1578,321346,17,737,94
1579,1083906,19,1061,101
1580,3395561,19,1723,37
1581,1130255,12,467,138
1582,41161380,23,725,44
1583,5599966,6,206,84
1584,1695462,3,279,61
1585,2207736,15,336,189
1586,9759708,0,107,38
1587,2709284,16,260,76
1588,563244,7,2287,85
1589,16155364,14,1149,39
1590,11391842,22,315,175
1591,3841158,0,2512,138
1592,19311323,22,257,146
1593,30683682,1,282,64
1594,4905731,1,4212,6
1595,3243335,12,4193,14
1596,1000882,1,1210,50
1597,553380,0,1656,79
1598,200147,21,324,70
1599,3125765,19,1114,58
1600,8133029,23,477,134
1601,4851916,18,509,111
1602,2490308,17,1363,249
1603,21620962,16,403,70
1604,27185541,0,362,4
1605,1400765,18,1704,53
1606,364482,12,2070,84
1607,3507951,22,583,187
1608,1841156,20,4357,283
1609,1741458,1,1246,47
1610,683033,0,682,4
1611,3415999,5,550,290
1612,16212440,23,175,68
1613,13568823,0,352,25
1614,2360736,18,4501,250
1615,263443,8,731,226
1616,723518,17,1503,306
1617,4276994,23,144,56
1618,3455800,0,21971,9
1619,21198621,17,633,59
1620,7491815,5,215209,47
1621,270912,13,1480,77
1622,1711357,14,736,32
1623,9472341,22,548,59
1624,42057509,19,1872,60
1625,2194005,0,563,23
1626,8644778,18,2187,264
1627,2271600,1,957,117
1628,6188,15,47702,618
1629,16362182,21,5394,117
1630,11983582,20,351,77
1631,260628,4,10010,23
1632,2406083,21,310,86
1633,19953932,20,326,156
1634,2937395,14,1274,202
1635,4592180,21,2825,158
1636,115083,0,217,1
1637,22512043,8,187,72
1638,16182341,0,141,17
1639,612282,20,5400,205
1640,5052895,4,1658,81
1641,1886659,20,482,78
1642,184950,3,7089,221
1643,2806297,13,386,9
1644,4774417,13,10705,59
1645,381795,0,1249,162
1646,24644516,0,4377,0
1647,337576,13,211,81
1648,2354874,2,3971,23
1649,2918560,7,529,102
1650,13598491,14,350,74
1651,10232221,2,219,106
1652,20563926,1,46,3
1653,378624,5,272,52
1654,4910484,1,3189,60
1655,1657853,19,7786,97
1656,2159156,17,3024,65
1657,1162039,3,519,191
1658,10809463,1,147,38
1659,432354,10,232,84
1660,49803746,1,84,32
1661,9224252,20,1248,128
1662,13872795,9,17800,44
1663,1216273,21,68558,254
1664,6744457,18,1952,377
1665,1358661,18,716,135
1666,1141634,14,1035,509
1667,4532614,19,849,319
1668,2213214,24,921,271
1669,1689651,0,1935,8
1670,5329526,23,445,178
1671,578640,11,428,153
1672,6037156,13,1884,142
1673,17111737,22,629,216
1674,2920206,22,580,85
1675,2957348,22,22109,55
1676,1803232,0,66,20
1677,188734,21,553,28
1678,15210607,16,4919,226
1679,1071647,13,726,37
1680,6137589,8,5965,47
1681,3376822,9,312,159
1682,1809256,21,1638,75
1683,1074765,15,714,307
1684,16257252,0,397,79
1685,11997777,19,195,64
1686,6265105,20,421,145
1687,2453180,23,2531,92
1688,192085,17,961,50
1689,1662769,15,814,209
1690,5651685,12,128,106
1691,1413161,0,246,0
1692,4411135,14,746,223
1693,371357,18,424,95
1694,1843013,0,118,16
1695,4468784,0,13145,26
1696,9479785,0,1731,37
1697,278502,0,1174,30
1698,303084,19,669,298
1699,6448444,0,886,39
1700,547053,21,1475,71
1701,5954157,13,899,356
1702,974099,0,725,57
1703,11435413,20,2383,134
1704,630070,14,220,77
1705,71957,18,873,262
1706,9803888,17,1363,273
1707,4498913,0,901,100
1708,1124501,0,466,96
1709,9068,21,523,288
1710,1649830,21,510,198
1711,231604,0,67,15
1712,4347433,16,400,243
1713,4056360,21,1135,64
1714,3539975,3,996,246
1715,2116733,14,3243,83
1716,384548,21,77186,22
1717,34895835,22,4274,11
1718,1602857,0,1155,6
1719,14451,14,289,160
1720,15932405,21,376,63
1721,1959152,12,812,116
1722,16068533,23,3686,1
1723,18663033,0,285,8
1724,284774,20,1388,275
1725,5127538,21,1487,93
1726,1466519,13,2933,80
1727,4551860,1,1268,34
1728,10573633,21,1233,64
1729,277969,0,3155,51
1730,867729,20,1475,43
1731,5474,0,7187,94
1732,57225497,0,18327,4
1733,2357529,17,805,57
1734,1751647,17,1094,151
1735,359688,18,1351,496
1736,2289445,11,3032,148
1737,1876677,20,1308,59
1738,5543279,14,571,65
1739,116788,0,903,27
1740,4725228,0,140,19
1741,1367309,23,1583,332
1742,563273,19,2991,348
1743,623032,12,604,64
1744,149300,14,1974,267
1745,335746,16,816,142
1746,132899,23,252,111
1747,183904,7,627,300
1748,8412547,20,1518,76
1749,8288236,0,918,64
1750,12924172,0,1350,5
1751,68120,10,259,171
1752,1893314,5,311,64
1753,335369,0,203,159
1754,269660,21,10569,67
1755,134614,18,5521,79
1756,2041772,9,348,34
1757,283726,3,9761,170
1758,1416243,8,93,31
1759,296844,22,287,99
1760,7068194,22,2723,104
1761,15656336,21,596,138
1762,199092,21,1047,74
1763,16061889,0,113,0
1764,1316333,17,3589,163
1765,14762808,15,2109,36
1766,1937992,22,654,176
1767,32132781,0,242,6
1768,2754904,21,3088,61
1769,1005040,0,706,1318
1770,278195,0,975,145
1771,1212323,6,975,161
1772,4048714,0,554,35
1773,1223199,5,270,94
1774,1187926,12,1348,22
1775,513412,15,1164,68
1776,2560531,4,328,29
1777,1760211,18,2764,147
1778,10265,0,200,50
1779,3052716,3,692,31
1780,3930966,21,1431,249
1781,2911188,23,2957,310
1782,6281490,23,273,169
1783,1845301,14,82,49
1784,5574348,16,1046,121
1785,4666728,24,295,84
1786,10513261,8,533,175
1787,9325571,14,273,12
1788,2686441,18,506,115
1789,189094,2,507,103
1790,45051544,21,342,55
1791,1045728,15,386,80
1792,2905502,3,2063,165
1793,1120791,19,1464,175
1794,605510,23,174,13
1795,2107988,21,1776,222
1796,10400121,0,929,95
1797,19837380,0,4021,0
1798,207840,19,1052,201
1799,16010204,21,8427,295
1800,601041,4,1125,89
1801,1260560,7,425,227
1802,4681346,0,39,3
1803,1754389,9,419,100
1804,304929,15,1198,112
1805,713550,10,530,43
1806,26919111,0,642,85
1807,1252953,21,1820,109
1808,28950255,4,1324,91
1809,2615414,0,312,51
1810,1005867,9,549,153
1811,17555014,15,128,13
1812,11152709,17,5601,53
1813,42139655,21,142,23
1814,11486080,21,607,69
1815,25809849,17,95,104
1816,8471540,18,1609,296
1817,3621657,19,5303,179
1818,593390,0,1231,12
1819,373174,0,7662,6
1820,9644,0,642,179
1821,17046618,0,694,279
1822,1291943,10,531,24
1823,135819,12,757,134
1824,776985,11,395,230
1825,670999,21,1137,107
1826,13592,14,298,51
1827,1760759,21,983,0
1828,12486720,12,387,80
1829,1194434,0,5429,77
1830,40898227,2,41,34
1831,806678,4,5354,40
1832,8843343,18,2165,171
1833,3585800,17,155,44
1834,19150197,0,2034,1
1835,26853748,19,322,64
1836,998674,1,1021,39
1837,6850122,21,356,142
1838,6701875,8,320,71
1839,306330,1,219,40
1840,1088533,16,495,143
1841,185890,13,393,210
1842,41812275,8,146,83
1843,340943,18,2789,25
1844,2368262,5,781,143
1845,279726,8,12,5
1846,58171327,0,7,1
1847,5139200,11,369,50
1848,913823,0,519,0
1849,180305,0,5024,69
1850,45602268,1,369,93
1851,288769,19,4111,48
1852,173213,0,5857,64
1853,5889,20,1086,264
1854,43684184,22,49,20
1855,6992780,15,2436,138
1856,118945,9,461,85
1857,222335,10,846,298
1858,11673347,4,4655,51
1859,323139,13,665,122
1860,357054,20,1957,13
1861,120454,3,1580,34
1862,22241860,23,424,31
1863,39780460,23,407,15
1864,58120,0,386,189
1865,807761,9,804,125
1866,21659897,22,7881,71
1867,2547704,0,680,26
1868,2283295,18,635,81
1869,6020142,17,756,130
1870,3418802,7,611,301
1871,338452,15,1538,347
1872,781231,20,3703,39
1873,4395,14,599,60
1874,817333,21,8240,208
1875,135919,22,1405,284
1876,1714205,19,16149,31
1877,7917995,18,1606,126
1878,1361755,13,380,63
1879,10563833,22,432,111
1880,4957556,8,3824,67
1881,21354533,4,62,6
1882,4993592,17,650,75
1883,59707591,0,16,0
1884,3232281,24,3556,58
1885,1406897,4,223,113
1886,3435263,7,204,87
1887,461374,23,767,196
1888,261192,0,1054,89
1889,4322914,15,296,67
1890,1015750,10,1850,90
1891,3402367,11,3592,18
1892,3952107,4,3561,34
1893,4203551,20,2812,46
1894,105782,20,1131,189
1895,12607349,16,106,27
1896,2745282,1,817,190
1897,13073542,20,749,349
1898,4334886,15,3194,76
1899,2026466,15,1406,53
1900,6907454,19,499,166
1901,8946757,22,1491,96
1902,1755816,22,948,106
1903,5952380,20,9127,106
1904,6993,15,406,118
1905,765292,9,26,16
1906,6203,0,141,18
1907,6222,9,14945,511
1908,108291,22,294,159
1909,2133557,17,155,108
1910,146508,0,387,34
1911,4034273,17,9244,411
1912,6206971,9,336,60
1913,5271873,18,489,174
1914,20300885,0,256,92
1915,557974,21,1025,142
1916,5452411,0,137934,54
1917,1710748,17,1500,45
1918,117982,6,2209,31
1919,12551938,8,789,59
1920,49597893,18,3769,45
1921,24606279,20,436,136
1922,1615119,21,2247,61
1923,9354487,11,70,36
1924,40481594,0,143,0
1925,2571457,10,489,260
1926,65967,9,855,39
1927,24362158,8,27,20
1928,1278272,0,227,37
1929,27117126,19,791,16
1930,6033817,13,877,76
1931,9984,11,1164,161
1932,24954061,21,630,90
1933,2799278,0,725,169
1934,5589805,21,785,179
1935,196550,0,3595,36
1936,28308729,19,2677,15
1937,2835838,23,17296,42
1938,1653144,28,547,145
1939,4894864,6,3755,168
1940,479385,0,27760,47
1941,28378612,17,165,46
1942,48365721,14,788,1
1943,5309477,0,292,68
1944,16389235,16,4979,41
1945,21346749,12,737,17
1946,1693533,2,1053,93
1947,1466247,9,338,96
1948,543083,0,761,169
1949,13249,14,1472,164
1950,2203032,21,1204,197
1951,8075081,18,1743,41
1952,3984805,21,284,77
1953,22718385,23,5130,52
1954,1004493,0,4849,16
1955,6136,15,640,201
